9 1.4 89-68
8 7.4 80-64
7 1.1 86-71
63 1.1
62 8.1
61 5.1
60 4.1
6 1.2 71-66
59 6.1
58 3.1
57 7.1
56 2.1
55 1.2
54 8.2
53 5.2
52 4.2
51 6.2
50 3.2
5 1.3 52-51
49 7.2
48 2.2
47 1.3
46 8.3
45 5.3
44 4.3
43 6.3
42 3.3
41 7.3
40 2.3
4 1.4 74-70
39 1.4
38 8.4
37 5.4
36 4.4
35 6.4
34 3.4
33 7.4
32 2.4
31 1.1 82-63
30 5.1 90-78 OT
3 1.2 63-62
29 6.1 68-58
28 7.1 77-61
27 1.2 74-50
26 5.2 89-87 OT
25 3.2 63-56
24 2.2 67-64
23 1.3 75-51
22 5.3 88-78
21 6.3 83-71
20 7.3 59-57
2 1.4 68-67
19 1.4 64-57
18 5.4 73-59
17 3.4 74-70
16 7.4 79-73
15 1.1 101-72
14 7.1 87-66
13 1.2 90-77
12 3.2 69-62
11 1.3 83-52
10 6.3 70-65
1 1.2 78-73
