# top left 1
63 1.1
62 9.1
61 5.1
60 4.1
59 6.1
58 14.1
57 7.1
56 2.1
# bottom left 1
55 1.2
54 8.2
53 5.2
52 13.2
51 11.2
50 3.2
49 7.2
48 2.2
# top right 1
47 1.3
46 8.3
45 5.3
44 4.3
43 6.3
42 3.3
41 10.3
40 2.3
# bottom right 1
39 1.4
38 8.4
37 5.4
36 4.4
35 6.4
34 3.4
33 7.4
32 2.4
# top left 2
31 1.1
30 4.1
29 6.1
28 7.1
# bottom left 2
27 1.2
26 13.2
25 11.2
24 2.2
# top right 2
23 1.3
22 5.3
21 3.3
20 2.3
# bottom right 2
19 1.4
18 5.4
17 6.4
16 2.4
# top left 3
15 4.1
14 6.1
# bottom left 3
13 1.2
12 2.2
# top right 3
11 1.3
10 2.3
# bottom right 3
9 1.4
8 6.4
# elite 8
7 6.1
6 2.2
5 1.3
4 1.4
# final 4
3 6.1
2 1.4
# championship
1 6.1
