# Southeast 1
63 1.1
62 8.1
61 5.1
60 4.1
59 11.1
58 3.1
57 10.1
56 2.1
# west 1
55 1.2
54 8.2
53 5.2
52 4.2
51 6.2
50 3.2
49 7.2
48 2.2
# east 1
47 1.3
46 8.3
45 12.3
44 4.3
43 6.3
42 14.3
41 7.3
40 2.3
# midwest 1
39 1.4
38 9.4
37 5.4
36 4.4
35 6.4
34 14.4
33 7.4
32 2.4
# southeast 2
31 1.1
30 5.1
29 11.1
28 2.1
# west 2
27 8.2
26 4.2
25 3.2
24 2.2
# east 2
23 1.3
22 12.3
21 14.3
20 7.3
# midwest 2
19 1.4
18 5.4
17 6.4
16 7.4
# southeast 3
15 1.1
14 11.1
# west 3
13 8.2
12 2.2
# east 3
11 1.3
10 7.3
# midwest 3
9 1.4
8 6.4
# elite 8
7 11.1
6 2.2
5 1.3
4 1.4
# final 4
3 2.2
2 1.3
# championship
1 2.2
