9 1.4 88-72
8 2.4 68-63
7 1.1 74-63
63 1.1
62 8.1
61 5.1
60 4.1
6 2.2 81-72
59 6.1
58 3.1
57 7.1
56 2.1
55 1.2
54 8.2
53 5.2
52 4.2
51 6.2
50 3.2
5 2.3 70-57
49 7.2
48 2.2
47 1.3
46 8.3
45 5.3
44 4.3
43 6.3
42 3.3
41 7.3
40 2.3
4 2.4 81-77
39 1.4
38 8.4
37 5.4
36 4.4
35 6.4
34 3.4
33 7.4
32 2.4
31 1.1 84-66
30 4.1 68-66
3 1.1 81-69
29 3.1 66-57
28 2.1 61-57
27 1.2 94-62
26 5.2 80-77
25 3.2 67-48
24 2.2 83-68
23 1.3 64-53
22 4.3 69-53
21 3.3 74-73
20 2.3 73-49
2 2.4 78-66
19 1.4 87-81
18 5.4 68-58
17 6.4 65-60 OT
16 2.4 80-60
15 1.1 73-56
14 3.1 55-48
13 1.2 75-49
12 2.2 85-75 OT
11 1.3 65-51
10 2.3 82-54
1 1.1 92-85
