9 4.4 76-74
8 2.4 72-52
7 3.1 77-71
63 1.1
62 8.1
61 5.1
60 4.1
6 2.2 90-87 2OT
59 6.1
58 3.1
57 7.1
56 2.1
55 1.2
54 8.2
53 5.2
52 4.2
51 6.2
50 3.2
5 2.3 79-72
49 7.2
48 2.2
47 1.3
46 8.3
45 5.3
44 4.3
43 6.3
42 3.3
41 7.3
40 2.3
4 4.4 60-55
39 1.4
38 8.4
37 5.4
36 4.4
35 6.4
34 3.4
33 7.4
32 2.4
31 1.1 76-66
30 4.1 75-74
29 3.1 63-42
28 2.1 76-62
27 8.2 67-66
26 5.2 87-69
25 3.2 73-71
24 2.2 84-65
23 1.3 81-61
22 4.3 59-57
21 6.3 74-70
20 2.3 76-64
19 1.4 81-67
18 4.4 80-72
17 6.4 58-57
16 2.4 65-49
15 1.1 75-58
14 3.1 81-66
13 5.2 69-64
12 2.2 90-81
11 1.3 65-63
10 2.3 85-83
