# 2003 Men
# midwest 1
63 1.1
62 8.1
61 5.1
60 4.1
59 6.1
58 3.1
57 7.1
56 2.1
# west 1
55 16.2
54 8.2
53 5.2
52 4.2
51 6.2
50 3.2
49 7.2
48 2.2
# south 1
47 1.3
46 8.3
45 5.3
44 4.3
43 6.3
42 3.3
41 10.3
40 15.3
# east 1
39 16.4
38 9.4
37 5.4
36 4.4
35 6.4
34 3.4
33 7.4
32 2.4
# midwest 2
31 8.1
30 4.1
29 6.1
28 2.1
# west 2
27 16.2
26 4.2
25 6.2
24 7.2
# south 2
23 8.3
22 4.3
21 3.3
20 10.3
# east 2
19 9.4
18 4.4
17 3.4
16 2.4
# midwest 3
15 4.1
14 6.1
# west 3
13 16.2
12 6.2
# south 3
11 8.3
10 3.3
# east 3
9 4.4
8 2.4
# elite 8
7 6.1
6 6.2
5 8.3
4 2.4
# final 4
3 6.1
2 8.3
# championship
1 8.3
