9 1.4 75-69
8 2.4 93-91
7 1.1 70-56
63 1.1
62 0.0
61 0.0
60 4.1
6 1.2 71-70 OT
59 0.0
58 3.1
57 0.0
56 2.1
55 1.2
54 0.0
53 0.0
52 4.2
51 0.0
50 3.2
5 4.3 75-66
49 0.0
48 2.2
47 1.3
46 0.0
45 0.0
44 4.3
43 0.0
42 3.3
41 0.0
40 2.3
4 1.4 74-72
39 1.4
38 0.0
37 0.0
36 4.4
35 0.0
34 3.4
33 0.0
32 2.4
31 1.1
30 4.1
3 1.2 65-62 OT
29 3.1
28 2.1
27 1.2
26 4.2
25 3.2
24 2.2
23 1.3
22 4.3
21 3.3
20 2.3
2 4.3 81-69
19 1.4
18 4.4
17 3.4
16 2.4
15 1.1 96-76
14 3.1 84-73
13 1.2 49-45
12 2.2 76-72
11 4.3 79-77
10 2.3 64-62
1 1.2 2-1
