9 1.4 74-60
8 2.4 83-72
7 1.1 70-66
63 1.1
62 8.1
61 5.1
60 4.1
6 3.2 74-72
59 6.1
58 3.1
57 7.1
56 2.1
55 1.2
54 8.2
53 5.2
52 4.2
51 6.2
50 3.2
5 2.3 77-67
49 7.2
48 2.2
47 1.3
46 8.3
45 5.3
44 4.3
43 6.3
42 3.3
41 7.3
40 2.3
4 2.4 71-62
39 1.4
38 8.4
37 5.4
36 4.4
35 6.4
34 3.4
33 7.4
32 2.4
31 1.1 65-49
30 4.1 83-79 OT
3 3.2 76-62
29 6.1 70-63
28 2.1 68-57
27 1.2 87-82
26 4.2 68-59
25 3.2 74-72
24 2.2 116-108 2OT
23 1.3 73-71
22 4.3 70-60
21 3.3 83-71
20 2.3 70-64
2 2.4 67-59
19 1.4 84-62
18 4.4 78-66
17 6.4 68-62
16 2.4 77-73 OT
15 1.1 70-52
14 2.1 80-68
13 1.2 74-55
12 3.2 84-66
11 4.3 65-63
10 2.3 70-68
1 2.4 69-63
