# Region 1, round 1
63 1.1
62 8.1
61 5.1
60 4.1
59 11.1
58 3.1
57 10.1
56 2.1
# Region 2, round 1
55 1.2
54 8.2
53 5.2
52 4.2
51 6.2
50 3.2
49 10.2
48 2.2
# Region 3, round 1
47 1.3
46 8.3
45 5.3
44 4.3
43 11.3
42 3.3
41 10.3
40 2.3
# Region 4, round 1
39 1.4
38 8.4
37 5.4
36 4.4
35 6.4
34 3.4
33 7.4
32 2.4
# Region 1, round 2
31 8.1
30 4.1
29 3.1
28 2.1
# Region 2, round 2
27 1.2
26 5.2
25 3.2
24 10.2
# Region 3, round 2
23 1.3
22 4.3
21 3.3
20 10.3
# Region 4, round 2
19 1.4
18 4.4
17 3.4
16 2.4
# Region 1, round 3
15 4.1
14 3.1
# Region 2, round 3
13 1.2
12 10.2
# Region 3, round 3
11 1.3
10 3.3
# Region 4, round 3
9 1.4
8 2.4
# elite 8
7 3.1
6 1.2
5 1.3
4 2.4
# final 4
3 1.2
2 1.3
# championship
1 1.3
