# east 1
63 1.1
62 9.1
61 12.1
60 4.1
59 6.1
58 3.1
57 10.1
56 2.1
# midwest 1
55 1.2
54 9.2
53 5.2
52 13.2
51 6.2
50 3.2
49 10.2
48 2.2
# west 1
47 1.3
46 9.3
45 5.3
44 4.3
43 6.3
42 14.3
41 10.3
40 2.3
# south 1
39 1.4
38 9.4
37 12.4
36 4.4
35 6.4
34 3.4
33 10.4
32 2.4
# east 2
31 1.1
30 12.1
29 6.1
28 10.1
# midwest 2
27 1.2
26 13.2
25 3.2
24 10.2
# west 2
23 1.3
22 5.3
21 6.3
20 10.3
# south 2
19 1.4
18 4.4
17 3.4
16 2.4
# east 3
15 1.1
14 6.1
# midwest 3
13 1.2
12 3.2
# west 3
11 1.3
10 10.3
# south 3
9 4.4
8 3.4
# elite 8
7 1.1
6 1.2
5 1.3
4 4.4
# final 4
3 1.1
2 1.3
# championship
1 1.3
