9 1.4 70-67
8 3.4 80-74
7 2.1 91-67
63 1.1
62 0.0
61 0.0
60 4.1
6 3.2 69-60
59 0.0
58 3.1
57 0.0
56 2.1
55 1.2
54 0.0
53 0.0
52 4.2
51 0.0
50 3.2
5 1.3 80-76
49 0.0
48 2.2
47 1.3
46 0.0
45 0.0
44 4.3
43 0.0
42 3.3
41 0.0
40 2.3
4 1.4 79-73
39 1.4
38 0.0
37 0.0
36 4.4
35 0.0
34 3.4
33 0.0
32 2.4
31 1.1
30 4.1
3 3.2 73-69
29 3.1
28 2.1
27 1.2
26 4.2
25 3.2
24 2.2
23 1.3
22 4.3
21 3.3
20 2.3
2 1.4 96-85
19 1.4
18 4.4
17 3.4
16 2.4
15 4.1 72-71
14 2.1 80-79
13 4.2 81-69
12 3.2 61-45
11 1.3 66-64
10 3.3 68-65
1 3.2 70-64
