# 2003 Women
# mideast 1
63 1.1
62 8.1
61 5.1
60 4.1
59 6.1
58 3.1
57 7.1
56 2.1
# midwest 1
55 1.2
54 8.2
53 5.2
52 4.2
51 6.2
50 3.2
49 7.2
48 2.2
# east 1
47 1.3
46 9.3
45 5.3
44 4.3
43 11.3
42 3.3
41 7.3
40 2.3
# west 1
39 1.4
38 8.4
37 5.4
36 4.4
35 6.4
34 3.4
33 7.4
32 2.4
# mideast 2
31 1.1
30 4.1
29 6.1
28 2.1
# midwest 2
27 1.2
26 5.2
25 6.2
24 2.2
# east 2
23 1.3
22 5.3
21 11.3
20 2.3
# west 2
19 1.4
18 5.4
17 6.4
16 2.4
# mideast 3
15 1.1
14 2.1
# midwest 3
13 1.2
12 2.2
# east 3
11 1.3
10 2.3
# west 3
9 1.4
8 2.4
# elite 8
7 1.1
6 1.2
5 1.3
4 2.4
# final 4
3 1.1
2 1.3
# championship
1 1.3
